image: map.pgm
resolution: 0.025000
origin: [-3.73, -21.55, 0.000000]
negate: 0
occupied_thresh: 0.65
free_thresh: 0.196

